32,43,119,45,119,69,31,67,IMAGE
29,11,186,14,186,38,28,36,ANONYMOUS
1649,73,1808,75,1807,98,1648,96,ANONYMOUS
1753,225,1806,227,1806,248,1753,247,434
1747,103,1801,106,1800,127,1746,124,ACC:
1496,73,1648,73,1648,96,1496,96,ANONYMOUS
1590,162,1647,164,1646,190,1590,189,ACE
1678,132,1804,132,1803,157,1678,156,20130408
1688,43,1803,42,1804,63,1688,64,7664286
1708,165,1803,166,1803,186,1708,184,091749
33,804,117,803,117,826,33,827,C127
69,835,123,835,123,858,69,857,256
129,43,191,43,191,65,128,64,1/1
1676,225,1729,225,1729,248,1676,248,636
